<L>628<pc>158-b<k1>हल<k2>हल
{@Hala@}¦ m. nt.: A plough used as a weapon
by Balarāma.
<div n="P">Hence Balarāma has epithets like
{%halāyudha%} 1. 178. 8; 1. 180. 17, 22; 3. 180.
32; 4. 67. 20; 5. 7. 28; 5. 154. 15, 20, 22;
9. 33. 2, 6, 7; 9. 34. 79; 9. 35. 1, 52; 9. 36.
1, 26, 63; 9. 38. 1, 4, 30; 9. 51. 24; 9. 52.
17; 9. 53. 4, 12; 9. 59. 4; 16. 2. 10; {%halin%}
3. 119. 4; 5. 129. 7; 7. 10. 31; 9. 33. 12;
{%haladhara%} 1. 211. 7; 1. 213. 49; 2. 20. 34;
9. 34. 12; 9. 36. 12; 9. 38. 23; {%halabhṛt%} 9.
34. 29; 9. 49. 65; {%halāyudha%} also appears as
a name of Viṣṇu 13. 135. 73.
<LEND>
