<L>11609<pc>710-1<k1>वार्ष्णेय<k2>वार्ष्णेय<h>5
{@Vārṣṇeya@}<sup>5</sup>¦ (do.) = Kṛṣṇa: I, 7430, 7891, 7899, 8068
({%°-Pārthayoḥ%}), 8084 ({%°-Pārthau%}), 8293; II, 27, 644, 788,
809, 1222, 1332 ({%K°%}), 1335, 1338, 1378, 1591, 1888
({%Vāsudevaḥ%}); III, 497, 869, 12597, 13003 ({%K°%}); V, 100,
138, 2816, 2821, 2851, 3003, 3060, 3070, 3115, 3130, 3155,
3166, 3243, 3246, 3272, 4128, 4369, 4650, 4755, 4769, 4783,
4809, 4811, 4839, 4842, 5216, 5361, 5363, 5464; VI, 872,
986, 1982, 1993 ({%Vāsudevaḥ%}), 2035, 2044, 2132, 2133, 2571,
3564, 3742, 4906, 4933, 4937, 4944, 5228 ({%Vāsudevaḥ%}); VII,
415, 2944, 2958, 3284, 3354 ({%Vāsudevaṃ%}), 3486 ({%Pārtha-%}
{%V°yoḥ%}), 6323, 6420, 6460 (only C.), 8077, 8268 ({%K°%}), 8327,
8328, 8866 ({%Vāsudevaḥ%}); VIII, 1331, 1351, 1631, 1956,
2194, 2863, 3756, 4041 ({%Vāsudevaṃ%}), 4487; IX, 344, 1319,
1468, 1802, 3370 ({%sa-V°āḥ?%}), 3376, 3520; X, 509 ({%K°%});
XI, 492, 508, 530; XII, 1712, 1807, 1884, 1941, 3036 ({%K°%}),
13277; XIII, 1292, 2033; XIV, 458, 1515 ({%-Kurupuṅgavau%}),
1536, 1537, 1768, 1773, 1817, 1962, 1970, 1991, 1996.
<LEND>
