<L>12538<pc>765-1<k1>यक्ष<k2>यक्ष<h>3
{@Yakṣa@}<sup>3</sup>,¦ sg., said of Dharma assuming the form of a {%Y.%}:
I, 166 ({%°rūpeṇa%}), (17253), (17272), (17280), 17281, (†17315),
(17322), 17323, 17324, (17326), 17328, (17330), (17332),
(17334), (17336), (17338), (17340), (17342), (17344),
(17346), (17348), (17350), (17352), (17354), (17356),
(17358), (17360), (17362), (17364), (17366), (17368),
(17370), 17371, (17372), (17374), (17376), (17378),
(17380), (17382), (17384), (17386), (17388), (17392),
17393, (17397), (17399), (17404), (17407), 17408, (17409),
17414, 17415, 17417, (17418), 17419, 17420, (17424),
(17431).
<LEND>
