<L>1336<pc>122-1<k1>भारत<k2>भारत<h>4
{@Bhārata@}<sup>4—17</sup>¦ = (1) Abhimanyu Ārjuni, (2) Arjuna Pāṇḍava,
(3) Bhīmasena Pāṇḍava, (4) Bhīṣma Śāntanava, (5) Śāntanu,
(6) Dhṛtarāṣṭra Vaicitravīrya, (7) Duḥśāsana Dhārtarāṣṭra,
(8) Duryodhana Dhārtarāṣṭra, (9) Janamejaya Pārikṣita,
(10) Nakula Pāṇḍava, (11) Pāṇḍu Vaicitravīrya, (12) Sagara,
(13) Vidura Vaicitravīrya, (14) Yudhiṣṭhira Pāṇḍava:—
<div n="P">(1) Abhimanyu: IV, 2325 (Matsya-Bhāratayoḥ).
<div n="P">(2) Arjuna: I, 5398, 5525, 6524, 6621, 6713, 6733, 6762,
6769, 7812; II, 4, 61, 1050, 2425, 2426; III, 507, 1459,
1486, 11948, 11992, 12026, 12192, 12288, 12309, 17268;
IV, 17, †1666, †2158 (Bhārata-Matsya-vīrau, i.e. Arjuna and
Uttara); V, 2832, 2833, 5512; VI, 892, 896, 975, 1035,
1138, 1252, 1324, 1354, 1358, 1363, 1401, 1405, 1429, 1516,
3582, 3584, 4980, 5736; VII, 5927, 6391, 6428, 7838;
VIII, 2827, 2867, 2869, 2878, 2999, 3017, 3021, 3034, 3441,
3486, 3635, 3650, 3651, 3683, 3703, 3719, 3740, 3744,
3746; X, 672; XII, 596, 774, 13159, 13166, 13170, 13171,
13246, 13268, 13297, 13560, 13584; XIV, 390, 2116, 2440;
XVI, 169 (ought to have been Vasudeva), 286, 290.
<div n="P">(3) Bhīmasena: I, 4880; II, 2423, 2431; III, 1365,
1415, 1416, 10895, 11222, 11283, 11289, 11326, 17275;
IV, 524, 528, 555, 557, 588, 615, 687, 688, 722, 1085; V,
2761, 2790, 5474, 5475; VI, 2275, 3424; VII, 5511; IX,
3402, 3403; X, 756(?); XI, 393.
<div n="P">(4) Bhīṣma: I, 4028, 4034, 4107, 4154, 4231; II, 1352(?),
1355(?) (Yudhiṣṭhira?), 1472, 1481, 1545; V, 6071
(C. Bhārata, voc. instead of nom.), 7023, 7056, 7259; VI, 507,
523, 5462; VII, 98, 108; XII, 1822, 1836, 1837, 1854, 1957,
2126, 2597, 2917, 4210, 4551, (4552), 4716, 4727, 4779,
5247, 5321, 5928, 6026, 6028, 7153, 7641, 7984, 8021, 9259,
9270, 9755, 9855, 11078, 11079; XIII, 374, 1676, 1681,
2631, 2927, 2930, 3065, 3222, 3229, 3235, 3237, 3268, 3375,
3697, 5146, 6199, 6244.
<div n="P">(5) Śāntanu: I, 3963, 3967.
<div n="P">(6) Dhṛtarāṣṭra: I, 238, 4516, 4764, 5597, 5686, 7462,
7471, 7493, 7498, 7499, 7509; II, 1756, 1807, 1809, 1812,
1821, 1822, 1875, 1907, 1911, 1928, 1932, 1962, 2095, 2108,
†2120, 2433, 2481, 2482, 2630, 2635, 2636, 2641; III, 285,
313, 318, 343, 459, 14837; V, †691(?), †950, 955 (°āgrya!),
1038, 1066, 1099, 1167, 1256, 1286, 1345, 1388, 1392, 1415,
1431, 1438, 1441, 1444, 1447, 1543, †1553, 1566, 1656, 1691,
1788, 2121, 2142, 2147, 2159, 2163, 2174, 2185, 2189, 2197,
2200, 2203, 2210, 2211, 2272, 2278, 2324, 2334, 2387, 2388,
2391, 2563, 3061, 3386, 3389, 3395, 3409, 3428, 3443,
3494(?), 4300, 4390, 4391, 4730, 5409, 5410, 5885; VI,
40, 64, 91, 114, 138, 146, 152, 200, 207, 227, 313, 317, 331,
344, 399, 408, 430, 487, 613, 693, 755, 756, 854, 1621,
1660, 1690, 1692, 1700, 1712, 1721, 1775, 1798, 1851, 1862,
1895, 2149, 2203, 2205, 2275, 2284, 2286, 2324, 2359, 2363,
2424, 2449, †2649, †2651, 2727, 2773, 2801, †2807, 2817,
2914, 3077, 3184, 3186, 3244, 3275, 3278, 3311, 3406, 3412,
3447, 3475, 3489, 3550, 3618, 3625, 3627, 3667, 3675, 3717,
3750, †3787, 3831 (only in B.), 3873, 3876, 3969, 3995, 4164,
4314, 4336, 4365, 4370, 4383, 4399, 4400, 4502, 4537, 4546,
4551, 4597, 4628, 4634, 4660, 4686, 4762, 4882, †4884, 4893,
5008, 5010, 5109, 5122, 5163, 5195, 5218, 5337, 5501, 5635;
VII, 42, 466, 483, 492, 592, 600, 819, 890, 919, 957, 1041,
1098, 1336, †1452, 1471, 1571, 1630, 1640, 1652, 1655, 1737,
1738, 1757, 1823, 1886, 2915, 3124, 3282, 3302, 3322, 3356,
3364, 3400, 3485, 3520, 3521, 3562, 3639, 3653, 3678, 3752,
[Page122-b+ 63]
3935, 3982, 3994, 4011, 4021, 4026, 4033, 4153, 4494, 4577,
†4688, 4816, 4823, 4957, 4968, 4969, 4994, 5074, 5077,
5097, 5222, 5306, 5400, 5426, 5513, 5628, 5640, 5687, 5761,
5827, 5925, 5940 (B.; C. has °aḥ-Yuyudhāna), 6238, 6453,
6615, 6618, 6625, 6636, 6724, 6774, 6861, 6878, 6881, 6897,
6924, 6943, 7100, 7197, 7252, 7253, 7285, 7319, 7369, 7409,
7437, 7439, 7496, 7504, 7520, 7542, 7550, 7594, 7598, 7606,
7608, 7615, 7768, 7794, 7911, 8111, 8392, 8394, 8482, 8520,
8539, 8593, 8608, 8693, 8722, 8816, 8898, 9027, 9279, 9358,
9369, 9415, 9421; VIII, 53, 362, 399, 547, 553, 589, 629,
712, 736, 739, 741, 749, 804, 952, 959, 979, 980, 982, 1007,
1011, 1029, 1038, 1078, 1079, 1117, 1157, 1175, 1190, 1243,
1390, 1675, 2247, 2315, 2365, 2386, 2502, 2527, 2530, 2555,
2559, 2606, 2625, 2676, 2677, 2706, 2742, 2751, 2788, 2835,
2911, 3088, 3093, 3219, 3246, 3283, 3634, 3751, †3815,
†3829, 3888, 3898, 3934, 3967, 3992, 3993, 4117, 4379,
4432, †4621, †4702, †4763, 4775, †4787; IX, 32, 39, 136,
190, 328, 371, 384, 407, 417, 422, 427, 431, 456, 681, 718,
721, 738, 839, 855, 952, 971, 981, 1001, 1088(?), 1133,
1137, 1151, 1167, 1176, 1260, 1356, 1363, 1401, 1402, 1446,
1496, 1506, 1507, 1518, 1533, 1564, 1580, 1581, 1726, 1729,
1759, 1965, 3080, 3189, 3201, 3204, 3296, 3307, 3413, 3444,
3492, 3542, 3543, 3549, 3624; X, 33, 39, 268, 271, 272,
278, 303, 330, 335, 348, 417, 434, 547; XI, 31, 49, 51, 94,
97, 166, 170, 182, 185, 190, 195. 207, 228, 236, 239, 251,
256, 306, 346, 350, 768. 776: XII. 4561, 4566; XV, 404,
749, 750.
<div n="P">(7) Duḥśāsana: III, 15091; VII, 4887.
<div n="P">(8) Duryodhana: II, 1763, 1968, 2092(?); III, 294,
14773, 14836, 14837, 15031, 15049, 15051, 15225, 15226,
15290, 15293, 15337; IV, 881, 890, 920, 966; V, 2379,
2494, 2922, 3254, 3472, 3494, 3498, 3674, 4129, 4134, 4149,
4163, 4164, 4167, 4200, 4266, 4353, 5069, 5828, 5892, 5896,
5901, 5911, 5935, 5940, 5965, 6012, 6040, 7002, 7048, 7092,
7142, 7159, 7161, 7173, 7179, 7187, 7203, 7204, †7207,
7235, 7267, 7288, 7338, 7367, 7438, 7463, 7482, 7495, 7570,
7571; VI, 3035, 3930, 4443 (PCR.), 4469, 5816; VII, 152,
437, 3449, 5339, 6555, 6561, 6975, 7149, 7151, 7159, 7666,
8445, 8921, 9020; VIII, 359, 1286, 1287, 1291, 1318, 1626,
†4829, †4832; IX, 193, 213, 974, 1686, 1768, 1773, 1776,
1777, 1805, 1858, 1876, 3333; X, 506, 529; XII, 4567.
<div n="P">(9) Janamejaya: I, 2175, 2496, 2498, 2521, 2522, 2527,
2529, 2538, 2553, 2609, 2632, 2708, 3110, 3117, 3124, 3125,
3162, 3205, 3207, 3212, 3424, 3712, 3720, 3721, 3749, 3908,
4020, 4040, 4049 (B. {%Bhārata%}, C. {%°taḥ%}), 4099, 4146, 4289,
4320, 4373, 4375, 4380, 4383, 4395, 4513, 4539, 4641, 4784,
4936, 4975, 4994, 4996, 5236, 5293, 5312, 5339, 5370, 5391,
5440, 5462, 5511, 5715, 5814, 5899, 5901, 5973, 6180, 6185,
6241, 6277, 6284, 6300, 6360(?), 6953, 7206, 7250, 7524, 7528,
7742, 7780, 7783, 7811, 7814, 7816, 7818, 7821, 7858, 7874,
7912, 8023, 8029, 8066, 8069, 8120, 8293, 8327, 8337, 8348,
8435, 8448; II, 15, 75, 101, 135, 514, 541, 762, 821, 834,
943, 970, 976, 981, 1094, 1112, 1156, 1195, 1247, 1263,
1432, 1487, 2052, 2289, 2481, 2492, 2513(?); III, 262,
410, 426, 1612, 1665, 4038, 10097, 10469, 10972, 10985,
11133, 11341, 11427, 11513, 11709, 11772, 11898, 12441,
13213, 13488, 14860, 14880, 14903, 14958, 14978, 14998,
15104, 15182, 15186, 15272, 15344, 15611, 15801, 16926,
17056; IV, 6, 462, 826, 828, 1005, 1067, 1271, 1599, 1705,
1998, 2014, 2032, 2082, 2348; V, 152, 178, 210, 598, 1572,
1802, 1917, 2212, 3002, 3376, 5243, 5276, 5390, 5696, 5698,
7614, 7622, 7652; VI, 495, 496; VIII, 10, 5041; IX,
1996, 2205, 2207, 2218, 2248, 2270, 2273, 2366, 2368, 2401,
[Page123-a+ 63]
2445, 2498, 2546, 2550, 2568, 2572, 2582, 2586, 2603, 2605,
2607, 2608, 2612, 2620, 2623, 2625, 2626, 2629, 2632, 2641,
2642, 2646, 2649, 2713, 2768, 2772, 2787, 2788, 2851, 2864,
2869, 2913, 2918, 2925, 2959, 2964(!?), 3511; XI, 325,
412, 503 (ought to have been Kṛṣṇa), 742, 787; XII, 1383,
1395, 1399, 1411, 1466, 5632, 6127, 12999, 13029, 13615,
13632, 13718; XIII, 1304; XIV, 1624, 1627, 1635, 1717,
1738, 1739, 1741, 1759, 1862, 1886, 1887, 1964, 2041, 2045,
2063, 2125(?), 2145, 2163, 2186, 2205, 2233, 2254, 2258,
2537, 2658(?), 2692, 2816, 2827, 2845; XV, 134, 174, 513,
524, 589, 619, 727, 774, 917, 1055; XVI, 39, 46, 97, 149,
195, 222; XVIII, 56, 87, 177, 221, 233, 246.
<div n="P">(10) Nakula: V, 5476 (= Ulūka?). 5477; XII, 6149,
6172.
<div n="P">(11) Pāṇḍu: I, 4478, 4568, 4579, 4682, 4750.
<div n="P">(12) Sagara: III, 8847.
<div n="P">(13) Vidura: I, 7382 (Janamejaya?), 7521; II, 1782,
2130; III, 256.
<div n="P">(14) Yudhiṣṭhira: I, 6360 (? one expects Pāṇḍavāḥ);
II, 42(?) (Janamejaya?), 156, 161, 208, 240, 274, 286, 304,
346, 377, 420, 431, 438, 442, 448, 455, 462, 475, 478, 504,
565, 605, 743, 1327, 1428, 1639, 2445, 2492(?), 2504(?),
2513(?), 2581; III, 128, 142, 618, 715, 797, 802, 812, 813,
828, 844, 995, 1001, 1016, 1120, 1121, 1145, 1251, 1271,
1345, 1351, 2077, 2104, 2135, 2200, 2216, 2219, 2264, 2350,
2391, 2516, 2637, 2705, 2867, 2874, 2919, 2945, 4075, 5010,
5031, 5040, 5052, 5056, 5062, 5076, 5082, 6028, 6030, 6049,
6052, 6058, 6060, 6065, 7006, 7046, 7088, 7089, 7098, 8026,
8029, 8040, 8050, 8060, 8067, 8068, 8101, 8115, 8181, 8184,
8221, 8225, 8260, 8326, 8355, 8357, 8376, 8465, 8493, 8528,
8532, 8562, 8632, 8640, 8643, 8667, 8813, 8832, 9902,
9984, 9985, 10133, 10134, 10201, †10214, 10304, 10316,
10409, 10457, 10497, 10523, 10546, 10704, 10714, 10753,
10764, 10805, 10820, 10830, 10847, 10849, 10861, 10991,
11448, 11485, 11804, 11824, 11882, 11962, 11994, 12009,
12051, 12093, 12100, 12122, 12140, 12142, 12169, 12230,
12252, 12275, †12327, †12328, 12872, 12873, 12888, 12904,
12908, 12976, 13113, 13376, 13422, 13491, 13621, 13647,
14119, 14232, 14432, 15357, 15386, 15952, 16074, 16228,
16505, 16526, 16658, 16712, 17245, 17435; IV, 28, 31, 77,
79, 89, 157, 226, 228, 555; V, 205, 377, 436, †689, 2585,
2688, 2689, 2711, 4470, 5083 ({%Bhārata%}, B.; C. has {%°aṃ%}),
5087, 5140, 5427; VI, 1545, 4940; VII, 2013, 8358; VIII,
2155, †3375, †3503, †3505, 5001; IX, 350(?), 351(?), 1748,
1780, 1792, 3482; X, 616, 629, 768, 792; XI, 321, 2742
(ought to have been Kuśika); XII, 47, 82, 110, 115, 117,
118, 133, 290, 338, 344, 371, 376, 381, 397, 409, 410, 440,
477, 536, 606, 620, 702, 703, 1072, 1146, 1147, 1155, 1157,
1159, 1188, 1192, 1205, 1207, 1219, 1240, 1241, 1255, 1433,
1437, 1465, 1515, 1759, 1932(?), 2044, 2086, 2136, 2248(?),
2280, 2294, 2304, 2307, 2312, 2468, 2469, 2470, 2476, 2483,
2492, 2536, 2626, 2670, 2720, 2736, 2832, 2836, 2838, 2923,
3055, 3057, 3124, 3128, 3229, 3268, 3281, 3298, 3331, 3354,
3361, 3460, 3461, 3578, 3686, 3692, 3705, 3757, 3769, 3786,
3792, 3961, 3963, 3980, 3989, 3997, 4007, 4023, 4026, 4191,
4197, 4243, (4330), 4351, 4437, 4520, 4524, 4553(?), 4647,
4735, 4741, 4748, 4772, 4823, 4825, 4877, 4880, 4924, 4927,
4928, 5129, 5132, 5248, 5360, 5414, 5428, 5436, 5440, 5463,
5876, 5902, 5920, 5961, 5979, 5983, 5998, 6040, 6078, 6317,
6351, 6387, 6389, 6448, 6587, 7077, 7093, 7095, 7148, 7537,
7540, 8009, 8088, 8185, 8344, 8431, 9296, 9450(?), 9548,
9795, 9838, 9847, 9853, 10003, 10146, 10155, 10165, 10185,
10211, 10213, 10221, 10264, 10267, 10347, 10497, 10502,
[Page123-b+ 62]
10533, 11109, 11139, 11160, 11168, 11170, 11171, 11186,
11189, 11194, 11195, 11516, 11545, 11854, 12183, 12204,
12218, 12252, 12259, 12260, 12425, 12577, 12616, 12621,
12645, 12819, 12846, 12988, 13942; XIII, 89, 102, 159,
180, 220, 345, 406, 410, 426, 444, 445, 598, 602, 650, 972,
975, 998, 1033, 1380, 1576, 1578, 1588, 1591, 1607, 1610,
1617, 1635, 1637, 1656, 1658, 1662, 1666, 1672, 1675, 1939,
1947, 1958, 1970, 2084, 2192, 2274, 2349, 2355, 2358, 2427,
2498, 2508, 2513, 2517, 2519, 2554, 2613, 2619, 2630, 2722,
2730, 2762, 2806, 2828, 2833, 2859, 2951, 2995, 3016, 3047,
3076, 3077, 3080, 3081, 3098, 3100, 3282, 3347, 3348,
3364, 3366, 3723, 3831, 3877, 3930, 4320, 4321, 4325,
4374, 4378, 4415, 4422, 4644, 4649, 4652, 4678, 4679,
4755, 4793, 4814, 4910, 5059, 5076, 5080, 5081, 5082,
5083, 5095, 5098, 5103, 5114, 5115, 5128, 5130, 5141,
5146(?), 5348, 5363, 5433, 5444, 5447, 5464, 5466, 5479,
5492, 5493, 5504, 5523, 5529, 5563, 5611, 5686, 5697,
5706, 5714, 5921, 6280, 6281, 6913, 7134, 7161, 7186,
7370, 7473, 7488, 7538; XIV, 40, 43, 48, 68, 97, 332,
335, 2080; XV, 157, 181, 187, 197, 214, 222, 223, 240,
249, 681, 708, 1024, 1046, 1078; XVII, 90, 94; XVIII,
61, 114.
<LEND>
