<L>148<pc>012-2<k1>आधिरथि<k2>आधिरथि
{@Ādhirathi@}¦ = Karṇa: III, 17179.—V, 4917.—(VI, 5826,
read {%Adhirathaḥ%}.)—VII, 96, 1423, 1426, 1430, 3937,
5417, 5434, 5510, 5512, 5514, 5520, 5535, 5572, 5622—3,
[Page013-a+ 63]
5626, 5693, 5719, 5723, 5725—7, 5750, 5757, 5763, 6326,
7472, 8589.—VIII, 227, 264 (printed {%Adhirathir%} in C., but
B. has {%Ādhi°%}), 317, 837, 949, 1365, 1687, 1873, 1962, 2162,
2235, 2331, 2344, 2507, 2734, 2741, 2745, 2753, 2758, 3307,
3354, 3395, 3729, 3960, 4176, 4188, 4190, 4199, 4233, 4494,
4525, 4590, 4598, 4606, 4612, 4626, 4703, 4706, 4785, 4818,
4907, 4926, 4969, 5041.—XI, 637.
<LEND>
