<L>3686<pc>268-1<k1>द्रोणपुत्र<k2>द्रोणपुत्र
{@Droṇaputra@}¦ (“son of Droṇa”) = Aśvatthāman: I, †201,
†204, †210, †213, 578, 5691; III, 1112, 1419, 1435, 1459;
IV, 1920, 1921, 2244; V, †696, 3284, 5275, 5772; VI,
658 ({%°purogamāḥ%}), 1716, 2360, 4194, 4204, 4631, 5050,
5361, 5387; VII, 627, 801, 1363, 1851, 3021, 3024, 3935,
6142, 6363, 6804, 6821, 6827, 6865, 6873, 6874, 6877,
6884, 6885, 6886, 6918, 6922, 7201, 7204, 7412, 7436,
8918, 8921, 8925, 8927, 8929, 8961, 9024, 9027, 9035,
9098, 9102, 9204, 9239 ({%°āstraṃ%}), 9248, 9253, 9260 ({%°āstra°%}),
9262, 9281, 9293, 9297, 9326, 9343, 9345, 9347, 9353,
9371, 9377 ({%°vadhepsayā%}), 9378, 9380, 9383, 9388, 9389,
9417, 9426, 9490; VIII, 1, 43, 65, †196, 328, 344, 415,
569, 608, 2623, 2660, 2675, 2679, 2680, 2681, 2683, 2686,
2688, 2690, 2824, 2827, 2858, 2935, 2963, 2966, 2967,
2971, 2972, 3079, 3217, 3220, 3232, 3234, 3237, 3245,
3283, †3364, †3365, †3811, †4918 ({%°pramukhāḥ%}); IX, 313,
628, 708 ({%°purogamāḥ%}), 733, 748, 801, 840, 1149, 1602,
1674, 3064, 3623, 3624, 3663, 3666; X, 33, 56, 205, 233,
251, 304, 319, 323, 334, 346, 368, 373, 382 (C. by error
{%Drau°%}), 423, 427, 431, 439, 471, 473, 539, 593, 602, 605,
667, 677, 744, 754, 762; XI, 306; XIV, 1803, 1967, 1970,
[Page268-b+ 63]
1971, 1997, 2002; XV, 989; XVI, 83 ({%°sahāyena Kṛtavar-%}
{%manā%}).
<LEND>
