<L>37<pc>004-1<k1>आचार्य<k2>आचार्य<h>1
{@Ācārya@}<sup>1</sup>¦ (“the Teacher”) = Droṇa: I, 199, 529, 5331, 5413.
—III, 1111, 1923.—IV, 913, 986, 1491, 1493, 1496, 1588,
1598, 1628, 1744, 1837 ({%°śiṣyau%}, i.e. Droṇa and Arjuna),
2117 (°Śāradvatayoḥ), 2234.—V, 2089, 4236, 4898—9, 5784,
5873, 7562.—VI, 831—2, 1578—9, 1591, 1601, 1992, 2092,
2500, 3073, 3411, 3927, 4113, 4128, 4193, 4644.—VII, 154,
257, 288, 438, 448, 472—3, 716, 858, 878, 1494, 1541, 1661,
1911, 1916, 2566, 2636, 2672, 3223, 3231, 3435, 3482,
3618, 3656, 4262, 4273, 4732, 5022, 5085, 5186—7, 5335,
5860, 5877, 6505, 6583, 6588, 6641, 7128, 7340, 7581,
7621, 8309, 8616, 8618, 8762, 8799, 8836, 8838, 8861, 8869,
8874, 8935, 8958, 8966, 8978, 8991, 9038, 9065, 9071,
9124, 9199, 9224, 9320.—VIII, 1044?, 3693.—IX, 3419.—
X, 522, 610, 612.—XII, 812.
<LEND>
