<L>5537<pc>399-2<k1>कौन्तेय<k2>कौन्तेय<h>1
{@Kaunteya@}<sup>1</sup>¦ (“the son of Kuntī”) = Arjuna: I, 2275
({%Bībhatsuḥ%}), 5234, 5257 ({%A°%}), 5456, 5468, 5479, 5494, 5741
({%Dhanañjayaḥ%}), 6504, 6527, 6537, 6796, 6953, 7756, 7783,
7786, 7791, 7806, 7808, 7813, 7821, 7849, 7888, 7897, 7901,
7937, 7967, 7975, 7978, 8195; II, 2, 1012, 1018, 1026, 1049;
III, 1476, 1477, 1478, 1480, 1486, 1514, 1531, 1568, 1600,
1687, 1693, 1733 ({%A°%}), 1774, 1792, 1793, 3088, 8421
({%Bībhatsuḥ%}), 11981, 12064, 12074, 12272, 12292, 12296,
17265, 17268; IV, 8, 39 ({%Dhanañjayaḥ%}), 1260, 1428, 1441
({%Bībhatsuḥ%}), 1445, 1513, 1523, 1588, 1698 ({%Bībhatsuḥ…%}
{%Śvetavāhanaḥ%}), 1808, 1840, 1884, 1922, 1936, 1947, 1993,
1997 ({%Kirīṭamālī%}), 2029 (do.), 2039, 2043, 2068 ({%Kirīṭamālī%}),
2070, 2258, 2368 ({%Dhanañjayaḥ%}); V, 134 (do.), 2216
({%Bībhatsuḥ%}), 2824, 3195 ({%Dhanañjayaḥ%}), 4812, 5375, 5502,
5522, 5567, 5875; VI, 518, 812, 857, 892, 915, 938, 989,
1057, 1099, 1119, 1147, 1157, 1176, 1179, 1193, 1197, 1201,
1323, 1352, 1359, 1362, 1424, 1502, 1504, 1514, 1999
({%Dhanañjayaḥ%}), 2002, 2552, 3212 ({%Śvetavāhanaḥ%}), 3568, 3740
({%Śvetavāhanaḥ%}), 3742, 3744, 4641, 4837, 5431, 5496 ({%Śveta-%}
{%vāhanaḥ%}), 5512, 5514 ({%Śvetavāhanaḥ%}), 5618 (only B.); VII,
292 (only C.), 660, 664, 678, 1196, 1989, 2670, 3127 (read
{%Kaunteye%} with B.), 3161, 3276 ({%Kirīṭamālī%}), 3284, 3365,
3409, 3416, 3442, 3445, 3669, 3726, 3729, 3758, 3831, 3902,
3959 ({%Kṛṣṇasārathiḥ%}), 5813 ({%Dhanañjayaḥ%}), 5862, 5867,
[Page400-a+ 63]
5954, 6068, 6139, 6199, 6200, 6205, 6206, 6231 ({%Pākaśāsaniḥ%}),
6305, 6392, 7088 ({%Bībhatsuḥ%}), 7759, 7809, 8262, 8275 ({%A°%}),
8431 (do.), 8447, 9083 ({%A°%}), 9087, 9399, 9520, 9529, 9644;
VIII, 1579, 1629, 2164, 2791, 2798, 2824, 2836, 3026, 3029,
3035, 3037, 3282, 3283, 3326, 3331, 3336, 3403 ({%Śveta-%}
{%vāhanaḥ%}), 3406, 3408, 3409, 3487, 3701, 4023, 4358, 4739,
4770, 4850, 4985; IX, 142 ({%Dhanañjayaḥ%}), 1029 (do.), 3478,
3480; X, 442; XII, 579, 600, 793, 1912, 13155, 13161,
13165, 13234, 13298, 13300; XIV, 591, 1468, 2123, 2140,
2227, 2234, 2255, 2323, 2431, 2453, 2470, 2474, 2484, 2577
({%Jiṣṇuṃ%}); XVI, 227 ({%A°%}); XVII, 4.
<LEND>
