<L>5538<pc>400-1<k1>कौन्तेय<k2>कौन्तेय<h>2
{@Kaunteya@}<sup>2</sup>¦ (do.) = Bhīmasena: I, 2242, 5021, 5061
({%Bhīmasenaḥ%}), 7406; II, 921, 922, 1067, 1084, 1089, 1090,
1103; III, 543 ({%Bhīmasenaḥ%}), 545, 2051, 10841 ({%Vṛkodara%}),
10842, 11189, 11257, 11301, 11325, 11360, 11362, 11422,
11424, 11624, 11731, 17280; IV, †236, 518, 528, 602, 631,
632, 633, 640, 720, 746; V, 2022, 2485 ({%Bhīṃasenaṃ%}), 2974,
4746, 5473; VI, 2304, 2799, 3305 ({%Bhīmasenaḥ%}), 3429, 4343
5708 ({%Bhīmasenaṃ%}); VII, 940, 3525 ({%Bhīmasenaṃ%}), 5140,
5155, 5180 ({%Bhīmasenaḥ%}), 5210, 5213, 5214, 5228, 5244
({%Bhīmasenaḥ%}), 5385, 5592, 5601, 5635, 5637, 5759, 5773,
5791, 8046, 8054, 9187, 9271, 9272, 9274; VIII, 2488,
3855, 3944, 4091; IX, 150, 583, 1439 ({%Bhīmasenaḥ%}), 1914,
1943, 3213, 3218; X, 601 ({%Bhīmasenaḥ%}), 658, 662; XI,
336; XII, 1377 ({%Bhīmaḥ%}), 1475 ({%Bhīmasenaṃ%}); XIV, 2102
({%Bhīmasenaḥ%}), 2525.
<LEND>
