<L>6316<pc>442-2<k1>कुरुनन्दन<k2>कुरुनन्दन<h>13
{@Kurunandana@}<sup>13</sup>¦ = Yudhiṣṭhira: I, 6414, 7244; II, 633,
1348, 1611; III, 628, 834, 1306, 1343, 2825, 2912, 2943,
8261, 8419, 8440, 8539, 10496, 10520, 11867, 11946, 12221,
12793, 15957, 17240; V, 200; VI, 1569, 1571, 1577 ({%Y°%}),
4937; VII, 2523, 2938; IX, 354, †915, 1744, 1786, 3171;
XII, 288, 704, 1475, 1722, 2006, 2601, 2620, 2658, 2660,
2738, 4478, 9837, 10157, 10203, 10225, 11830; XIII, 1524,
2347, 2524, 2534, 2547, 2551, 2750, 2768, 2967, 3314, 3481,
3933, 4419, 4630, 5600, 5602, 7403; XIV, 2619; XV, 93,
116, 148, 177, 1020; XVII, 105; XVIII, 130, 133.
<LEND>
