<L>7930<pc>527-1<k1>पाञ्चाली<k2>पाञ्चाली
{@Pāñcālī@}¦ (“daughter of the Pāñcāla king”) = Draupadī: I,
314 ({%svayaṃvaro devyāḥ P°yāḥ%}), 361, 427, 456, 483, 2450
({%D°%}), 6398, 6920, 6924 ({%°yāḥ…svayaṃvaraṃ%}), 7123,
7141, 7144, 7541, 7612, 8038, 8040; II, 2172 ({%Kṛṣṇā%}),
2179, 2209, 2216, 2223, 2261, 2358, †2364, 2374, 2405,
2406, 2418, 2523, 2683, 2686, 2698, 2701; III, 202, 509,
583, 592, 2001, 2005, 4000, 10855, 10858, 10871, 10987,
11003, 11015, 11071, 11368, 11404, 11450, 12442, 14656,
14708, 14709; IV, 148, 375, 512, 513, 515, 595, 735, 781,
783, 823, 842, 1181, 1184, 1370 ({%D°%}), 1432; V, 2864, 2897,
4659, 5157 ({%D°%}); VII, 2766, 2770, 5656, 8324; VIII, 308,
[Page527-b+ 63]
3773; XI, 352, 386, 417, 539, 540; XII, 413, 1397; XIV,
2020; XV, 348, 495; XVIII, 9 ({%D°%}), 37, 69, 134.
<LEND>
