<L>8186<pc>541-2<k1>पार्थ<k2>पार्थ<h>2
{@Pārtha@}<sup>2</sup>¦ (“the son of Pṛthā”) = Arjuna: I, †182, †189,
†194 ({%Kṛṣṇa-P°au%}), †203, 397, 399, 432, 462, 488 ({%Kirīṭinā%}),
521, 525, 530, 533, 534, 538 ({%Kṛṣṇa-P°yoḥ%}), 548, 631, 2276,
2277, 4806, 5222, 5229, 5293, 5296, 5304, 5353, 5362
({%Phālgunaḥ%}), 5387, 5390, 5393, 5395, 5399, 5404, 5411,
5424, 5454, 5476, 5481, 5483, 5485, 5486, 5488, 5489, 5493,
5496 ({%Dhanañjayaḥ%}), 5516, 5536 (defeated the Sauvīra king
Vipula), 6023, 6500, 6502, 6506, 6508, 6519, 6533, 6536,
6538, 6632, 6646, 6650, 6669, 6671, 6696, 6711, 6718, 6722,
6746, 6760, 6874, 7035, †7054, 7057, †7059, †7077, †7172,
†7173, 7241, 7569, 7766, 7804, 7875, 7918, 7920, 7926,
7940, 7946, 7956, 7968, 7970, 7972, 7973, 7977, 7980,
8015, 8066 ({%°-Govindau%}), 8068 ({%Vārṣṇeya-P°yoḥ%}), 8071
({%°-Kṛṣṇayoḥ%}), 8078 ({%°-Mādhavau%}), 8084 ({%Vārṣṇeya-P°au%}),
8164 ({%Kṛṣṇa-P°au%}), 8178, 8191, 8221, 8255, 8257 ({%Kṛṣṇa-%}
{%P°au%}), 8269 (do.), 8270 (do.), 8327, 8328, 8329 ({%Kṛṣṇa-%}
{%P°ābhyāṃ%}), 8467, 8469, 8473; II, 1, 14, 29, 40, 58 ({%A°%}),
66, 647 ({%Dhanañjaye%}), 665, 781, 798, 805, 830 ({%°-Bhīmayoḥ%}),
983, 989, 1034, 1046, 1058, 1889 ({%Dhanañjayaḥ%}), 1891, 2428,
2550, 2704; III, 504, 506, 527, 538, 576, 930, 1015, 1315,
1387 ({%Bībhatsuḥ%}), 1439 ({%Dhanañjayaḥ%}), 1464, 1477, 1484,
1485, 1516, 1522, 1525, 1543, 1544, 1557, 1604, 1616, 1624,
1635, 1639, 1640, 1654, 1656, 1668, 1690, 1692, 1706, 1714,
1722, 1751, 1765, 1767, 1771, 1777, 1788, 1793, 1795, 1800,
1817, 1821, 1835, 1844, 1849, 1864, 1866, 1882, 1898, 1914,
1915, 1916, 1923, 1929, 1935, 1949, 1950, 1954, 1987, 2013,
2014, 2028, 3084 ({%Savyasācinaṃ%}), 3086, 3087 ({%Dhanañjayaḥ%}),
3090, 8283, 8413, 8414, 8416, 8419, 8429, †10235, †10265,
10875, 10881 ({%Yamayoḥ pūrvajaḥ…Śvetāśvaḥ%}), 11451,
11531, 11823, 11826, 12058, 12148, 12189, 12211, 12270,
12308, 12313, 12314, †12320, †12569 ({%Dhanañjayena%}), 14969,
14976 ({%Savyasācī Dhanañjayaḥ%}), 14999, 15175, 15187, 15723,
15775, 15776, 15852, 16853, 17269, 17270, 17272, 17273
({%Savyasācī Dhanañjayaḥ%}); IV, 160, 571, 584, 586, 620
[Page542-a+ 63]
({%Dhanañjayaḥ%}), 1179 ({%A°%}), 1186, 1189, †1197, †1199, 1211,
1225, 1239, 1267 ({%A°%}), 1278, 1284, 1293, 1295 ({%Savyasācī%}),
1297 (all. to Kairātaparvan), 1300, 1303, 1308, 1317, 1343,
1345, 1349 ({%Śvetavāhanaḥ%}), 1368 ({%A°%}), 1371 (do.), 1373,
1390, 1391 ({%Dhanañjaya%}), 1420, 1421, 1429, 1468, 1499,
1510, 1518, 1519, 1522, 1528, 1534, 1537, 1541, 1547, 1548,
1549, 1551, 1573, 1601, 1633, 1637, 1639, 1652, 1654, 1655,
†1668, †1670, †1674, †1682, †1688, †1690, †1695, 1699,
1701, 1705, 1707, 1710, 1724, 1725, 1726, 1727, 1736, 1737,
1779, 1793, 1794, 1795, 1796, 1797, 1798, 1800, 1804, 1806,
1807, 1812, 1813, 1820, 1834, 1838 ({%Droṇa-P°au%}), 1839,
1843, 1844, 1845, 1854, 1857 ({%Dhanañjayaḥ%}), 1860, 1881,
1888, 1889, 1891, 1892, 1897, 1898, 1899, 1901, 1906, 1909,
1910, 1915, 1918, 1920, 1931, 1932, 1935, 1944, 1950, 1952,
1990, 1994, 2001, 2011, 2019, 2040, 2046, 2049, 2055, 2060,
2074, 2080 ({%°-Bhīṣmasamāgamaṃ%}), †2091, †2094, †2097,
†2099, †2102 ({%tṛtīyaḥ%}), †2107, †2108, †2110 ({%Dhanañjayaḥ%}),
†2111, †2114, †2115, †2116, †2121, †2123, †2126, †2130,
({%Dhanañjayaḥ%}), †2132, †2135, 2139, †2143, †2150, 2256,
2297 ({%A°%}), 2311, 2324 ({%Dhanañjayaṃ%}), 2346, 2347 ({%Matsya-%}
{%P°yoḥ%}), 2362 (do.?), 2370(?); V, †16, 144 ({%Dhanañjayaḥ%}),
146 (do.), 149, 160(?), 170, 171, 629 ({%Kirīṭī%}), 639, †704,
†961, †1875 ({%Savyasācin%}), 2090, 2129, 2187 ({%Dhanañjayaṃ%}),
2247 ({%A°%}), 2330, 2331, 2341, 2356, 2357, 2376, †2411,
†2508 ({%Dhanañjayaḥ%}), †2519 ({%Keśava-P°yoḥ%}), 2830, 2835,
2839, 2840, 2901, 3220 ({%°sakhaḥ%}, i.e. Kṛṣṇa), 3495, 4178,
4682, 4691 ({%Dhanañjayaḥ%}), 4701, 4772, 5174, 5241, 5466
({%Savyasācinā%}), 5499, 5503, 5507, 5512, 5521, 5564 ({%sa-%}
{%Gāṇḍīvāt%}), 5566, †5576, 5588, 5589, 5590, 5642, 5710, 5715,
5716, 5785, 5786, 5845, 5868, 5880, 5932, 7578; VI, 607,
718, 795, 809, 812, 855, 856, 881, 899, 910, 917, 920, 933,
950, 966, 972, 973, 1004, 1026, 1104, 1112, 1121, 1149,
1155, 1160, 1163, 1168, 1182, 1202, 1228, 1251, 1255, 1308,
1406, 1408, 1452, 1454, 1484, 1485, 1486, 1487, 1488, 1489,
1526, 1528, 1532, 1679, 1998 ({%Kṛṣṇasahitaḥ%}), 2078, 2155,
2159, 2162, 2165, 2169, 2180, 2186, 2392, 2426, 2466, 2488,
2542, 2549, 2557, 2561, 2564, 2566, 2572, 2581, †2591,
†2610, †2612, †2619, †2626, †2627, †2632, †2648, †2675,
2683, 3064, 3120, 3201, 3207, 3270, 3272, 3443, 3574, 3575,
3579, †3754, †3755, †3759, †3760, †3767, 3977 (father of
Irāvat), 3980, 4335, 4460, 4495, 4555, 4619, 4642, 4644,
4646, 4648, 4649, 4652, 4656, 4660, 4667, 4730, 4732, 4834
({%Bibhatsuṃ%}), 4843, 4846, 4850, 4853, 4856, 4867, 4868,
4920, 4921, 4922, 4923, 4982 (read {%°a%} with B.), 4983, 4984,
5067, 5096, 5097, 5120, 5126, 5129, 5131, 5133, 5134, 5136,
5138, 5196, 5201, 5214, 5217 (only B.), 5230, 5295, 5299,
5307, 5312, 5314, 5318, 5349, 5366, 5383, 5406, 5439, 5458,
5463, 5486, 5492, 5499, 5523, 5524, 5622, 5634, 5646, 5731,
5785, 5786, 5787, 5793, 5800, 5806(?); VII, 107, 195, 196,
285, 326, 341 ({%°ena samaṃ%}, sc. {%Sātyaki%}), 402, 448, 454, 457,
669, 676, 719, 734, 735, 747, 769, 773, 783, 788, 793, 982
({%°samaṃ%}, sc. Śrutakīrti), 983, 1130, 1195, 1213, 1214, 1216,
1222, 1223, 1225, 1226, 1233, 1242, 1244, 1245, 1251, 1252
({%Acyuta-P°yoḥ%}), 1256, 1261, 1271, 1273, 1278, 1289, 1290,
1292, 1293, 1302, 1305, 1310, 1324, 1330, 1338, 1343, 1420,
1431, 1433, 1486 ({%Gāṇḍīvadhanvanaḥ%}), 1533, 1758 ({%Dhanañ-%}
{%jayaṃ%}), 2542, 2551, 2552 (read {%°aḥ%} with B.), 2618, 2638,
2639, 2646, 2648, 2668 (all. to Kairātaparvan), 2676, 2724,
2730, 2743, 2773, 2777, 2778, 2780, 2782, 2791—({%Dhanañ-%}
{%jayaḥ%}), 2795, 2797, 2824, 2825, 2836, 2838, 2844, 2853,
2856, 2862, 2886, 2889, 2897, 2901 (only C., but read
{%pārśvād%} with B.), 2966; ({%Dhanañjayaḥ%}), 2986, 2991, 2993,
2997, 3008, 3058, 3141, 3153, 3155, 3163, 3164, 3169, 3170,
[Page542-b+ 63]
3195, 3203, 3208, 3230, 3246, 3247, 3261, 3271, 3274, 3280,
3283, 3285, 3296, 3297, 3304, 3322, 3324, 3325, 3329, 3335,
3338, 3341, 3351, 3353, 3358, 3359, 3363, 3367, 3376, 3399,
3400, 3404, 3408, 3418, 3434 ({%Dhanañjayaḥ%}), 3486 ({%°-Vār-%}
{%ṣṇeyayoḥ%}), 3698, 3704, 3709, 3711, 3718, 3724, 3725, 3730,
3732, 3733, 3734, 3735, 3736 ({%°-Govindau%}), 3745, 3760,
3795, 3800 ({%Kṛṣṇa-P°au%}), 3807, 3809, 3813, 3814, 3817,
3820, 3821, 3823, 3833, 3839, 3840, 3845, 3848, 3851, 3852,
3870, 3884, 3896, 3918, 3919, 3956, 3962, 4172, 4230, 4234,
4242, 4269, 4291, 4302, 4476 ({%Sātyaki-P°ābhyāṃ%}), 5100,
5247, 5249, 5259, 5260, 5261, 5262, 5308, 5376, 5613, 5802,
5803, 5816 ({%Pākaśāsaniḥ%}), 5852 ({%Dhanañjayaṃ%}), 5854, 5860,
5861, 5863, 5864, 5885 ({%Dhanañjayaḥ%}), 5889, 5947, 5950,
5953, 5956, 5959, 5961, 5965, 5966, 5995, 5996, 6004, 6006,
6017, 6071, 6076, 6078, 6086, 6093, 6098, 6103, 6106, 6115,
6117, 6122 ({%Dhanañjayaḥ%}), 6126, 6130, 6141, 6143, †6150,
6155 ({%Dhanañjayaḥ%}), 6167, 6179, 6214, 6221, 6237, 6285,
6287, 6298, 6299 ({%Phālgunaṃ%}), 6308, 6325, 6330, 6368,
6370, 6422, 6440, 6451, 6499, 6574, 6648, 6683, 6733, 6736
({%Jiṣṇunā%}), 6767, 6964, 6974, 6986, 6990, 6993, 7087, 7094,
7103, 7105, 7110, 7111, 7114, 7119, 7121, 7123 (only B.),
7126, 7127, 7215, 7508, 7657, 7667, 7719, 7800, 7801, 7802,
7816, †8163, 8181, 8219, 8226, 8231, †8247, 8259, 8260,
8261, 8268, 8277, 8283 ({%Dhanañjayāt%}), 8290 ({%Dhanañjayaṃ%}),
8291, (do.), 8300, 8302 ({%Śakrakalpe%}), 8330, 8397, 8464, 8606,
8609, 8613, 8621, 8624, 8692, 8797, 8865 ({%Dhanañjayaḥ%}),
9084, 9101, 9104, 9106, 9108, 9116, 9122, 9142, 9158, 9219,
9334, 9336, †9338, 9404, 9405, 9408, 9503, 9512, 9514,
9515, 9547, 9571, 9636, 9639; VIII, 115 (had slain
Śrutāyus), 129 (had slain the Śreṇis, the Saṃśaptakas, etc.),
141, 231, 274, 382, 422, 613, 635, 638, 658, †669, †672,
†682, 689, †696, †699, †705, 712, 726, 727, 732, 733, 738,
823, 1093 ({%Dhanañjayaḥ%}), 1096 (do.), 1118 ({%Jiṣṇuḥ%}), 1227,
1250, 1286, 1287, 1288, 1304, 1311, 1328, 1342, 1343, 1345,
1347, 1385, 1629, 1630, 1659, 1665, 1669, †1716, †1795,
†1799, 1800 ({%Dhanañjayaṃ%}), 1801, 1805 ({%Dhanañjayaṃ%}),
1815, 1826, 1947, 1952, 1958, †1977, †1979, †1981, †1996,
2000, 2016, 2180, 2187, 2191, 2197, 2199, 2210, 2217, 2222,
2565, 2566, 2567, 2568, 2569, 2578, 2579, 2590, 2591, 2599,
2696, 2793, 2797, 2798, 2826, 2830, 2866, 2899, 2900, 2938,
2956, 2961, 2964, 2967, 2970, 2974 ({%Dhanañjayaḥ%}), 2976,
2980, 2995, 2998, 3001, 3003, 3004, 3006, 3011, 3016, 3020,
3024, 3032, 3059, 3065, 3191 ({%Phālgunena%}), 3192, 3193,
3197, 3215, 3216, 3224, 3226, 3228, 3229, 3232, 3236, †3238,
†3239, 3278, 3280, †3295, 3328, †3345, †3347, †3382
†3384, 3397, 3404, 3418, 3419, 3421, 3423, 3425, 3430,
3431, 3469, †3481, 3486, †3491, †3492, †3516, †3517,
†3519, †3520, †3527, †3529, †3534, 3542, 3543, 3552,
3553, 3554, 3556, 3576, 3582, 3583, 3593, 3607, 3609, 3616,
3618, 3629, 3633, 3637, 3643, 3644, 3645, 3660, 3661, 3681,
3683, 3684, 3686, 3745, 3748, 3750, †3810, †3848, †3856,
†3865, 3872, 3877, 3881, 3883, 3884, 4027, 4030, †4048,
†4061, †4071, †4081, †4082, 4119, 4133, 4134, 4141, 4166,
4168, 4174, 4175, †4189, †4333, †4334, †4335, †4344, 4362,
4363, 4368, 4369, 4402, 4403, 4417, 4434, 4447, 4466, 4474,
4476, †4533, †4535, †4538, †4565, †4571, †4586, †4597,
†4601, †4607, †4609, †4610, †4623, †4627, †4630 ({%Kirīṭī%}),
†4632, †4635, †4637, †4642, †4643, †4644, †4662, †4664,
†4666 ({%śyāmaḥ%}), †4673, †4676, †4677, †4678, †4695, †4707,
†4713, 4717, 4722, 4724, 4731, 4737, 4738, 4764, 4769,
†4780, †4787, †4790, †4799, †4806, †4826, †4830, 4836,
4847, 4849, 4933, 4934, 4936, 4982, 4989, 4993, 5007, 5012,
5028; IX, 128, 140, 141, 160, 189, 708 ({%A°%}), 713, 715,
[Page543-a+ 63]
716, 717 ({%°pāvakaḥ%}), 721, 723, 725 ({%Dhanañjayaḥ%}), 735, 736,
738, 739, 798 ({%Kṛṣṇa-P°yoḥ%}), 820 ({%Dhanañjayaḥ%}), 960,
1028, 1331, 1332, 1333, 1449, 1477 ({%Dhanañjayaḥ%}), 1478,
1483 (slays Suśarman), 1484, 3422, 3489; X, 443 ({%Dhanañ-%}
{%jayaḥ%}), 634, 705 ({%Dhanañjayaḥ%}); XI, 603 (had slain Karṇa),
646, 647 ({%Dhanañjayaṃ%}), 695 (had slain Bhūriśravas); XII,
25 ({%Śvetavāhanaḥ%}), 37 (had slain Karṇa), 200 ({%kanīyān%}), 584,
599, 769, 777, 778, 784, 803 (had slain Bhīṣma), 6219,
13151, 13165, 13170, 13171, 13189, 13237, 13260, 13265,
13270, 13296, 13557 (?); XIII, †7379 (Kṛṣṇa gave him
white horses); XIV, 379, 380, 387, 390, 400, †404, †405,
408, 415, 422, 586, 587, 588, 589, 592, 594, 598, 599,
†748(!), 938, 947, 1480, 1538, 1793, 1827, 1966 ({%pautraṃ%}
{%P°sya%}, i.e. Parikṣit), 2129, 2147, 2151, 2161, 2173, 2179,
2182, 2223 ({%Bhīmasenād anantarāt%}), 2226, 2232, 2243, 2244,
2245, 2247, 2273, 2278, 2279, 2286, 2292, 2297, 2300, 2317,
2318, 2329, 2390 ({%Pāṇḍavaṃ%}), 2391, 2410, 2426, 2448, 2488,
2489, 2491, 2495, 2497, 2500, 2501, 2510, 2566, 2576, 2592,
2607; XV, 379, 408 ({%Dhanañjayaḥ%}), †666 ({%°sya bhāryā%}, i.e.
Ulūpī), 853 ({%Dhanañjayaṃ%}, = Nara), 855 (read with B. {%°ād%}
{%udbhūtaḥ%}, sc. Abhimanyu, C. by error has {%°a%}), 1069; XVI,
†106, 137, 144, 149, 154, 158, 175, 176, 185, 189, 190, 195,
211, 213, 216, 222, 234, 236 ({%Dhanañjayaḥ%}), 239, 242, 245,
252, 257, 260, 291; XVII, 41 ({%°kāraṇāt%}); XVIII, 96.
<LEND>
