<L>8189<pc>543-1<k1>पार्थ<k2>पार्थ<h>5
{@Pārtha@}<sup>5</sup>¦ (do.) = Yudhiṣṭhira: I, 5038, 6254, 7619 ({%Y°%}),
8060; II, 189, 194, 223, 286, 291, 311, 345, 350, 513, 547,
554, 555, 655, 1596, 1684 ({%yajñaṃ P°sya%}), 1931, †1999,
2011, 2037, 2078, †2384, 2491 ({%Y°%}), 2496, 2507, 2513;
III, 40, 145, †918, †953, †961, 969, 972, 1026, 1127, 1128,
1156, 1202, 1218, 1315, 1319, 1400, 1402, 1403, 8259, 8381,
†10244, 10410, 10828, 10832, †10836, 11445, 11633, 11634,
11637, 11638, 11641, 11645, 11652, 11781, 11806, 11826,
11880, †12571(?), †12575, 12769, 12834, 13371, 13441,
14374, 15729, 16431, 16456, 16472, 16883, 16885, 17327;
IV, 906, 910, 943, 2209, 2258 ({%Y°%}), 2322(?), 2370(?); V,
160, 199, †713, †767, †771, †778, †788, †791, †854, †948
({%Ajātaśatruṃ%}), 1974, 2138, 2238, 2316, 2669, 4278, 4706(?),
4716, 5548, 5893; VI, 14, 765 ({%Y°%}), 1567, 2057, 2069,
2072, 3281, 3701, 3806; VII, 823, 1053, 1773, 4169, 4275,
5149, 5151 ({%Y°%}), 5464 (?), 5467, 6962 ({%Droṇa-P°au%}), 7261,
7267, 7383, 7388, 8737; VIII, 345, 2344, 2348, 2349, 2357,
2689, 2977, 2992, 3183, †3380, †3490, 3690, 5008; IX, 71,
246 (? {%°hite rataḥ%}, sc. Kṛṣṇa), 358, 640, 647, 854, †875, †882,
923, 1013, 1024 ({%Y°%}); X, 584, 586; XII, 65, 342, 343,
344, †369, †370, 389, 510, 605, 656, 700, 826, 1184, 1383
({%jyeṣṭhaḥ pitā P°sya%}, sc. Dhṛtarāṣṭra), 1388, 1572, 1705,
2461, 2471 ({%Y°%}), 2474, 2959, 2981, 3141, 3298, 3781, 5465,
†6262, 6524, 7068, 7129, 7131, 9599, 9930, 10202, 11060,
[Page543-b+ 63]
11176, 11191, ({%Y°%}), †11208, †11209; XIII, 200, 1019, 1295,
1321, †1378, 1540, 2141, 2395, 2558, 3045, 3453, 3483,
†3692, †3730, 4807, 4844, 5184, 5345, 5402 ({%°-Gāṅgeyayeḥ%}),
5660, 5790, 6895, †7358, †7362, †7363, †7366, †7377, †7386,
†7393, 7491, 7699; XIV, 33, 59, 60, 63, 295, 321, 325, 337,
2676; XVII, 73; XVIII, 60, 81 ({%Dharmārāje Y°e%}), 106,
112, 116.
<LEND>
