<L>8696<pc>564-1<k1>पृथा<k2>पृथा
{@Pṛthā@}¦ = Kuntī (q.v.): I, 175, 589, 612, 2764, 2783, ††3811,
††3835, 4382, 4412, 4671, 4675, 4860, 5026, 5363, 5381,
5409, 5941, 6110, 6113, 6239, †7083, †7084, 7129, †7131,
7350, 7453, 7522, 7540, 7982; II, 22, 976, 1616, 2564,
2584, 2593; III, 1871, 14689, 17007, 17009, 17019, 17024,
17025, 17039, 17046, 17051, 17058, 17069, 17126, 17147,
17148, 17167; V, 3128, 3130, 3220, 3236, 4885, 4912,
4930, 4955; VIII, 3382, †3389 (so B.), †3400; XI, 414,
415, 419; XII, 26, 27, 31, 35, 36, 38, 42, 1446; XIII,
7714; XIV, 388, 1505, 1507, 1839, 1859, 1893, 1940,
1962, 1965, 1973, 2604, 2672; XV, 497, 525, 578, 596,
606, 643, 646, 845, 1017, 1027, 1041, 1045, 1054, 1063,
1072, 1090, 1095.
<LEND>
