<L>18327<pc>1-469,2<k1>यजुर्वेद<k2>यजुर्वेद
{#यजुर्वेद#}¦ Paris (Tel. 49). Rādh 2. Oppert 718. 2146.
2198. 2199. 2200. 2203. 2410. 3343. 4438. 4950.
5134. 6413. 7115. 7145. 7367. II, 212. 405. 578.
769. 771. 843. 844. 1415. 1416. 1502. 1503. 1795.
1882. 1938. 2350. 2351. 2373. 2572. 2699. 2700.
2849. 3355. 3447. 3468. 3525. 3759. 4343. 4857.
5248. 5249. 5349. 5350. 5549. 5640. 5695. 6030.
6385. 6689. 6690. 7197. 7198. 7264. 7325. 7429.
7713. 7906. 7970. 7971. 8465. 8681. 8927. 9501.
9643. 9745. 9747. 10060. 10348. <symbol n="C.">C.</symbol> Rādh 2. Oppert
7369. 8182 (prathamakāṇḍa). 8181 (kāṇḍatraya).
<LEND>
